224197 [208500]
186396 [181500]
227847 [223500]
194877 [140000]
272426 [250000]
148981 [143000]
267341 [307000]
220017 [200000]
195184 [129900]
122920 [118000]
134574 [129500]
310806 [345000]
139660 [144000]
228680 [279500]
172625 [157000]
204660 [132000]
183439 [149000]
94392 [90000]
152207 [159000]
129837 [139000]
274119 [325300]
203686 [139400]
266104 [230000]
134390 [129900]
141219 [154000]
274848 [256300]
130203 [134800]
270567 [306000]
143112 [207500]
76733 [68500]
70862 [40000]
134189 [149350]
269900 [179900]
131450 [165500]
303634 [277500]
272527 [309000]
144269 [145000]
129939 [153000]
132031 [109000]
82771 [82000]
170870 [160000]
144726 [170000]
144567 [144000]
138383 [130250]
130789 [141000]
304171 [319900]
230997 [239686]
269621 [249700]
67965 [113000]
136335 [127000]
193653 [177000]
159572 [114500]
129625 [110000]
361990 [385000]
124723 [130000]
172877 [180500]
254007 [172500]
229519 [196500]
354144 [438780]
137608 [124900]
191488 [158000]
119272 [101000]
262382 [202500]
201553 [140000]
223520 [219500]
266574 [317000]
230370 [180000]
227642 [226000]
80411 [80000]
214282 [225000]
225102 [244000]
98111 [129500]
225064 [185000]
135927 [144900]
31421 [107400]
82206 [91000]
93699 [135750]
124589 [127000]
94725 [136500]
117391 [110000]
182076 [193500]
176039 [153500]
268589 [245000]
129221 [126500]
221500 [168500]
272051 [260000]
190035 [174000]
179064 [164500]
22014 [85000]
99681 [123600]
82812 [109900]
122176 [98600]
129206 [163500]
152602 [133900]
183210 [204750]
192647 [185000]
225608 [214000]
93889 [94750]
117811 [83000]
89283 [128950]
184915 [205000]
178775 [178000]
133006 [118964]
229349 [198900]
194337 [169500]
265886 [250000]
72279 [100000]
120491 [115000]
120941 [115000]
183306 [190000]
164946 [136900]
222050 [180000]
227964 [383970]
185836 [217000]
171823 [259500]
174416 [176000]
134163 [139000]
144888 [155000]
225719 [320000]
184669 [163990]
192182 [180000]
77160 [100000]
176443 [136000]
179552 [153900]
188849 [181000]
167552 [84500]
168947 [128000]
118424 [87000]
169562 [155000]
135429 [150000]
223487 [226000]
188759 [244000]
129923 [150750]
261258 [220000]
137680 [180000]
218987 [174000]
133965 [143000]
222983 [171000]
263995 [230000]
192681 [231500]
95350 [115000]
229871 [260000]
122427 [166000]
225718 [204000]
130602 [125000]
175078 [130000]
121471 [105000]
225132 [222500]
223072 [141000]
113239 [115000]
140181 [122000]
274321 [372402]
182544 [190000]
183426 [235000]
160232 [125000]
157878 [79000]
129850 [109500]
272089 [269500]
230930 [254900]
241900 [320000]
184793 [162500]
312845 [412500]
230707 [220000]
85678 [103200]
158838 [152000]
130844 [127500]
130282 [190000]
269143 [325624]
224229 [183500]
272867 [228000]
131306 [128500]
205056 [215000]
220452 [239000]
171853 [163000]
184121 [184000]
178523 [243000]
181113 [211000]
135916 [172500]
320417 [501837]
118989 [100000]
173038 [177000]
196982 [200100]
131818 [120000]
228826 [200000]
118804 [127000]
341936 [475000]
221941 [173000]
122854 [135000]
133006 [153337]
258256 [286000]
252890 [315000]
225320 [184000]
223668 [192000]
215329 [130000]
137577 [127000]
168222 [148500]
227110 [311872]
257474 [235000]
150694 [104000]
266574 [274900]
103595 [140000]
180777 [171500]
157228 [112000]
178058 [149000]
123037 [110000]
224903 [180500]
137362 [143900]
94571 [141000]
228106 [277000]
176671 [145000]
115158 [98000]
189126 [186000]
226608 [252678]
148836 [156000]
185377 [161750]
133297 [134450]
224549 [210000]
74812 [107000]
226419 [311500]
216440 [167240]
226094 [204900]
182999 [200000]
182172 [179900]
98744 [97000]
352759 [386250]
121882 [112000]
223709 [290000]
165467 [106000]
131112 [125000]
216708 [192500]
172307 [148000]
272029 [403000]
162485 [94500]
140991 [128200]
182662 [216500]
155344 [89500]
225052 [185500]
229018 [194500]
271426 [318000]
160553 [113000]
267066 [262500]
129711 [110500]
98615 [79000]
182826 [120000]
221692 [205000]
221940 [241500]
162410 [137000]
171116 [140000]
228656 [180000]
409037 [277000]
25976 [76500]
259750 [235000]
184168 [173000]
178382 [158000]
130791 [145000]
223234 [230000]
184477 [207500]
225821 [220000]
229690 [231500]
133736 [97000]
186359 [176000]
267628 [276000]
181599 [151000]
119801 [130000]
111186 [73000]
185244 [175500]
186119 [185000]
131232 [179500]
122464 [120500]
180384 [148000]
269048 [266000]
261386 [241500]
274979 [290000]
173261 [139000]
142867 [124500]
201635 [205000]
225357 [201000]
101734 [141000]
315088 [415298]
217447 [192000]
227067 [228500]
183060 [185000]
220339 [207500]
268018 [244600]
179386 [179200]
218723 [164700]
178355 [159000]
88262 [88000]
133131 [122000]
160139 [153575]
276643 [233230]
110703 [135900]
125863 [131000]
234585 [235000]
168104 [167000]
179842 [142500]
133188 [152000]
220446 [239000]
180054 [175000]
184072 [158500]
137419 [157000]
274779 [267000]
231664 [205000]
141652 [149900]
209854 [295000]
267811 [305900]
227427 [225000]
160642 [89500]
87284 [82500]
310807 [360000]
179230 [165600]
167246 [132000]
126905 [119900]
532454 [375000]
205269 [178000]
223530 [188500]
229959 [260000]
266360 [270000]
222926 [260000]
224898 [187500]
317902 [342643]
270475 [354000]
221204 [301000]
52360 [126175]
222684 [242000]
119861 [87000]
264648 [324000]
173683 [145250]
162010 [214500]
111243 [78000]
129931 [119000]
130796 [139000]
267877 [284000]
224157 [207000]
183104 [192000]
376665 [228950]
314279 [377426]
224909 [214000]
233143 [202500]
181010 [155000]
273024 [202900]
81285 [82000]
40906 [87500]
306023 [266000]
118275 [85000]
158244 [140200]
185688 [151500]
183016 [157500]
214861 [154000]
324038 [437154]
305128 [318061]
213257 [190000]
126213 [95000]
167790 [105900]
161653 [140000]
185479 [177500]
184703 [173000]
127602 [134000]
122070 [130000]
268223 [280000]
177109 [156000]
122560 [145000]
222409 [198500]
172666 [118000]
190524 [190000]
124700 [147000]
171475 [159000]
170577 [165000]
128800 [132000]
137115 [162000]
182377 [172400]
98022 [134432]
175263 [125000]
132856 [123000]
223808 [219500]
-57001 [61000]
141843 [148000]
268988 [340000]
301563 [394432]
182380 [179000]
113866 [127000]
223310 [187750]
226491 [213500]
151567 [76000]
249529 [240000]
256606 [192000]
104052 [81000]
175875 [125000]
224236 [191000]
352617 [426000]
117487 [119000]
189088 [215000]
134796 [106500]
80021 [100000]
127494 [109000]
132260 [129000]
130820 [123000]
127901 [169500]
105050 [67000]
224749 [241000]
272109 [245500]
225395 [164990]
134384 [108000]
268346 [258000]
184102 [168000]
92928 [150000]
163478 [115000]
170787 [177000]
234127 [280000]
269513 [339750]
122784 [60000]
167522 [145000]
220018 [222000]
121084 [115000]
224991 [228000]
226306 [181134]
180976 [149500]
179097 [239000]
124423 [126000]
134748 [142000]
219919 [206300]
194297 [215000]
147105 [113000]
263850 [315000]
168228 [139000]
206390 [135000]
226026 [275000]
90841 [109008]
222982 [195400]
183334 [175000]
162132 [85400]
157012 [79900]
122255 [122500]
185546 [181000]
89098 [81000]
228571 [212000]
158561 [116000]
159771 [119000]
108868 [90350]
170933 [110000]
357569 [555000]
88815 [118000]
121305 [162900]
218211 [172500]
221490 [210000]
169558 [127500]
186802 [190000]
226733 [199900]
164300 [119500]
46778 [120000]
164084 [110000]
311244 [280000]
182805 [204000]
267066 [210000]
135493 [188000]
218801 [175500]
106984 [98000]
159209 [256000]
238519 [161000]
119381 [110000]
265869 [263435]
212202 [155000]
130033 [62383]
171906 [188700]
134849 [124000]
216184 [178740]
215948 [167000]
130576 [146500]
270137 [250000]
181728 [187000]
255564 [212000]
223869 [190000]
177224 [148000]
275657 [440000]
258536 [251000]
133032 [132500]
189102 [208900]
313910 [380000]
269259 [297000]
83033 [89471]
316845 [326000]
309980 [374000]
194093 [155000]
176039 [164000]
134950 [132500]
133583 [147000]
139945 [156000]
141706 [175000]
107637 [160000]
91221 [86000]
128571 [115000]
170489 [133000]
196091 [172785]
131120 [155000]
126810 [91300]
73290 [34900]
267166 [430000]
201128 [184000]
136778 [130000]
133192 [120000]
163164 [113000]
227006 [226700]
138204 [140000]
229987 [289000]
164167 [147000]
124384 [124500]
262638 [215000]
185147 [208300]
213114 [161000]
133363 [124500]
141650 [164900]
222323 [202665]
128839 [129900]
178040 [134000]
119879 [96500]
352927 [402861]
179517 [158000]
224463 [265000]
183865 [211000]
214459 [234000]
77568 [106250]
176623 [150000]
165621 [159000]
395578 [184750]
226919 [315750]
223424 [176000]
141454 [132000]
316568 [446261]
81974 [86000]
198607 [200624]
181379 [175000]
161291 [128000]
131614 [107500]
-49558 [39300]
265742 [178000]
115434 [107500]
223171 [188000]
99179 [111250]
136181 [158000]
268366 [272000]
315323 [315000]
267355 [248000]
225062 [213250]
215602 [133000]
238715 [179665]
227286 [229000]
162971 [210000]
136971 [129500]
133223 [125000]
225635 [263000]
171317 [140000]
127058 [112500]
269698 [255500]
84912 [108000]
227580 [284000]
115308 [113000]
137430 [141000]
81600 [108000]
242605 [175000]
216024 [234000]
135366 [121500]
135896 [170000]
133363 [108000]
181495 [185000]
227933 [268000]
147045 [128000]
309677 [325000]
227226 [214000]
273607 [316600]
133027 [135960]
137531 [142600]
170086 [120000]
233637 [224500]
225498 [170000]
142388 [139000]
123996 [118500]
201181 [145000]
139218 [164500]
218069 [146000]
132172 [131500]
181720 [181900]
272827 [253293]
184637 [118500]
327590 [325000]
82631 [133000]
269808 [369900]
163587 [130000]
140136 [137000]
167426 [143000]
122359 [79500]
224347 [185900]
354532 [451950]
143595 [138000]
177701 [140000]
136501 [110000]
269588 [319000]
150396 [114504]
218211 [194201]
144974 [217500]
169120 [151000]
269005 [275000]
164923 [141000]
263043 [220000]
216355 [151000]
230615 [221000]
222201 [205000]
147471 [152000]
133472 [225000]
249293 [359100]
87847 [118500]
307684 [313000]
181550 [148000]
269085 [261500]
145032 [147000]
85084 [75500]
177174 [137500]
182677 [183200]
168159 [105500]
311154 [314813]
270348 [305000]
24710 [67000]
184163 [240000]
135766 [135000]
173038 [168500]
176048 [165150]
175294 [160000]
134587 [139900]
172203 [153000]
136616 [135000]
171081 [168500]
104573 [124000]
259501 [209500]
220395 [82500]
134450 [139400]
173548 [144000]
163155 [200000]
-11092 [60000]
119213 [93000]
118198 [85000]
258555 [264561]
271022 [274000]
221314 [226000]
268718 [345000]
135351 [152000]
307959 [370878]
175898 [143250]
123063 [98300]
169429 [155000]
169733 [155000]
85071 [84500]
228496 [205950]
82216 [108000]
222195 [191000]
159438 [135000]
268111 [350000]
162132 [88000]
137390 [145500]
200257 [149000]
178633 [97500]
139044 [167000]
227583 [197900]
327384 [402000]
172765 [110000]
94944 [137500]
284511 [423000]
267657 [230500]
186101 [129000]
180267 [193500]
139421 [168000]
79783 [137500]
184936 [173500]
157003 [103600]
182527 [165000]
183834 [257500]
175107 [140000]
168942 [148500]
58732 [87000]
126910 [109500]
271489 [372500]
131211 [128500]
175155 [143000]
112516 [159434]
172825 [173000]
308697 [285000]
235375 [221000]
212227 [207500]
231734 [227875]
219346 [148800]
268690 [392000]
183294 [194700]
178040 [141000]
365521 [755000]
246835 [335000]
113431 [108480]
119840 [141500]
190037 [176000]
117758 [89000]
129342 [123500]
140478 [138500]
218066 [196000]
273242 [312500]
213996 [140000]
271708 [361919]
119676 [140000]
224471 [213000]
73271 [55000]
378876 [302000]
262067 [254000]
226491 [179540]
135433 [109900]
35891 [52000]
74321 [102776]
253280 [189000]
94022 [129000]
192489 [130500]
176349 [165000]
198187 [159500]
138922 [157000]
223924 [341000]
137387 [128500]
255165 [275000]
178040 [143000]
98084 [124500]
89129 [135000]
313630 [320000]
92885 [120500]
212834 [222000]
223840 [194500]
132533 [110000]
72503 [103000]
256865 [236500]
225970 [187500]
227028 [222500]
134691 [131400]
132175 [108000]
203256 [163000]
41258 [93500]
268283 [239900]
141709 [179000]
225892 [190000]
119479 [132000]
176702 [142000]
223139 [179000]
139885 [175000]
256169 [180000]
269300 [299800]
223675 [236000]
192667 [265979]
225062 [260400]
76135 [98000]
77984 [96500]
223108 [162000]
183053 [217000]
267936 [275500]
181330 [156000]
174416 [172500]
269465 [212000]
180055 [158900]
213189 [179400]
267548 [290000]
172836 [127500]
113445 [100000]
226608 [215200]
264561 [337000]
263335 [270000]
316006 [264132]
221973 [196500]
174831 [160000]
225560 [216837]
334526 [538000]
134427 [134900]
85773 [102000]
173444 [107000]
130472 [114500]
274489 [395000]
176039 [162000]
229195 [221500]
141091 [142500]
134450 [144000]
178013 [135000]
220481 [176000]
178050 [175900]
235678 [187100]
139287 [165500]
152612 [128000]
173336 [161500]
119714 [139000]
227181 [233000]
89144 [107900]
186922 [187500]
216708 [160200]
178910 [146800]
224015 [269790]
266959 [225000]
224728 [194500]
179152 [171000]
174385 [143500]
124862 [110000]
314343 [485000]
125266 [175000]
188594 [200000]
73878 [109900]
224511 [189000]
314924 [582933]
127273 [118000]
231908 [227680]
133024 [135500]
138998 [223500]
138348 [159950]
106126 [106000]
179743 [181000]
178058 [144500]
126120 [55993]
173494 [157900]
120197 [116000]
228168 [224900]
134439 [137000]
271584 [271000]
180019 [155000]
223079 [224000]
222293 [183000]
78610 [93000]
230331 [225000]
170774 [139500]
269807 [232600]
356240 [385000]
115624 [109500]
223614 [189000]
162496 [185000]
215715 [147400]
173092 [166000]
216705 [151000]
229298 [237000]
176005 [167000]
131385 [139950]
93333 [128000]
127151 [153500]
162837 [100000]
145941 [144000]
132150 [130500]
172386 [140000]
122063 [157500]
178574 [174900]
124792 [141000]
129403 [153900]
146572 [171000]
222019 [213000]
147160 [133500]
218413 [240000]
183002 [187000]
177701 [131500]
256275 [215000]
200278 [164000]
179257 [158000]
138106 [170000]
137005 [127000]
182444 [147000]
180267 [174000]
217709 [152000]
182404 [250000]
203149 [189950]
131841 [131500]
179147 [152000]
127373 [132500]
225903 [250580]
135920 [148500]
268936 [248900]
86333 [129000]
137513 [169000]
222985 [236000]
126361 [109500]
182650 [200500]
133540 [116000]
137188 [133000]
120981 [66500]
266713 [303477]
115528 [132250]
305647 [350000]
140856 [148000]
142807 [136500]
142183 [157000]
227869 [187500]
181912 [178000]
67863 [118500]
128979 [100000]
298106 [328900]
128092 [145000]
146026 [135500]
267738 [268000]
168692 [149500]
130842 [122900]
179383 [172500]
179967 [154500]
133936 [165000]
133006 [118858]
167673 [140000]
83704 [106500]
133006 [142953]
313764 [611657]
133407 [135000]
93829 [110000]
134671 [153000]
223302 [180000]
235223 [240000]
130854 [125500]
128704 [128000]
273361 [255000]
212103 [250000]
137320 [131000]
191089 [174000]
133433 [154300]
142616 [143500]
119355 [88000]
124657 [145000]
177585 [173733]
81778 [75000]
-2028 [35311]
103783 [135000]
227237 [238000]
182271 [176500]
180791 [201000]
114672 [145900]
187431 [169990]
179739 [193000]
182014 [207500]
149060 [175000]
269967 [285000]
214110 [176000]
269012 [236500]
229167 [222000]
266596 [201000]
134701 [117500]
310764 [320000]
224607 [190000]
245686 [242000]
72210 [79900]
226737 [184900]
226807 [253000]
225737 [239799]
233096 [244400]
180943 [150900]
223261 [214000]
86340 [150000]
153350 [143000]
180688 [137500]
107819 [124900]
131128 [143000]
273561 [270000]
232486 [192500]
181218 [197500]
133244 [129000]
129285 [119900]
141002 [133900]
132396 [172000]
175550 [127500]
165197 [145000]
168108 [124000]
127636 [132000]
224197 [185000]
213643 [155000]
132682 [116500]
187441 [272000]
168266 [155000]
311510 [239000]
228302 [214900]
187431 [178900]
130057 [160000]
131909 [135000]
29868 [37900]
171083 [140000]
84665 [135000]
214581 [173000]
174615 [99500]
230567 [182000]
206195 [167500]
214119 [165000]
78057 [85500]
218759 [199900]
87722 [110000]
133554 [139000]
228674 [178400]
268521 [336000]
217413 [159895]
268450 [255900]
137133 [126000]
128787 [125000]
156450 [117000]
309471 [395192]
183413 [195000]
224749 [197000]
263890 [348000]
249698 [168000]
182413 [187000]
185267 [173900]
352237 [337500]
84320 [121600]
135716 [136500]
180785 [185000]
33317 [91000]
222629 [206000]
41155 [82000]
113078 [86000]
270960 [232000]
142313 [136905]
216708 [181000]
144608 [149900]
171285 [163500]
78720 [88000]
230255 [240000]
112733 [102000]
144267 [135000]
132435 [100000]
165856 [165000]
105564 [85000]
169551 [119200]
267058 [227000]
227068 [203000]
253647 [187500]
223596 [160000]
216445 [213490]
101933 [176000]
223631 [194000]
119493 [87000]
216708 [191000]
269283 [287000]
131598 [112500]
129855 [167500]
267522 [293077]
123454 [105000]
169272 [118000]
121072 [160000]
199671 [197000]
277183 [310000]
223338 [230000]
124227 [119750]
85181 [84000]
313026 [315500]
264971 [287000]
84444 [97000]
77569 [80000]
131353 [155000]
182139 [173000]
179878 [196000]
224884 [262280]
258478 [278000]
54404 [139600]
317233 [556581]
141759 [145000]
145826 [115000]
94256 [84900]
226452 [176485]
229846 [200141]
175221 [165000]
131043 [144500]
268632 [255000]
178953 [180000]
222727 [185850]
257873 [248000]
310906 [335000]
170092 [220000]
258251 [213500]
50677 [81000]
115386 [90000]
156025 [110500]
138009 [154000]
230361 [328000]
186254 [178000]
175625 [167900]
162996 [151400]
133231 [135000]
129770 [135000]
180054 [154000]
116168 [91500]
177394 [159500]
225419 [194000]
212647 [219500]
133907 [170000]
143248 [138800]
178054 [155900]
141028 [126000]
183479 [145000]
128113 [133000]
224309 [192000]
174132 [160000]
188251 [187500]
184424 [147000]
82794 [83500]
268456 [252000]
215329 [137500]
257167 [197000]
41258 [92900]
213002 [160000]
156364 [136500]
141691 [146000]
129894 [129000]
186353 [176432]
156912 [127000]
251058 [170000]
79403 [128000]
220716 [157000]
-6400 [60000]
134446 [119500]
133066 [135000]
172540 [159500]
122052 [106000]
267193 [325000]
222579 [179900]
248286 [274725]
182286 [181000]
269329 [280000]
180425 [188000]
221227 [205000]
132163 [129900]
133588 [134500]
128461 [117000]
271511 [318000]
263006 [184100]
139833 [130000]
139582 [140000]
126796 [133700]
154388 [118400]
227443 [212900]
80825 [112000]
139010 [118000]
221368 [163900]
89606 [115000]
218194 [174000]
234072 [259000]
229754 [215000]
133641 [140000]
69206 [135000]
142983 [93500]
139435 [117500]
263769 [239500]
182333 [169000]
153263 [102000]
167046 [119000]
105463 [94000]
176907 [196000]
114865 [144000]
130436 [139000]
143847 [197500]
267861 [424870]
122248 [80000]
83991 [80000]
117206 [149000]
181876 [180000]
214644 [174500]
199555 [116900]
209360 [143000]
164993 [124000]
139260 [149900]
182972 [230000]
164405 [120500]
222357 [201800]
147962 [218000]
141878 [179900]
220242 [230000]
271274 [235128]
178156 [185000]
165534 [146000]
183298 [224000]
131780 [129000]
94984 [108959]
153656 [194000]
228009 [233170]
269360 [245350]
186625 [173000]
174965 [235000]
384606 [625000]
180396 [171000]
172514 [163000]
218359 [171900]
141891 [200500]
181706 [239000]
264034 [285000]
134664 [119500]
159977 [115000]
116979 [154900]
126238 [93000]
223843 [250000]
261757 [392500]
353636 [745000]
121477 [120000]
167701 [186700]
124630 [104900]
30242 [95000]
267512 [262000]
224598 [195000]
221308 [189000]
122592 [168000]
254007 [174000]
128162 [125000]
176392 [165000]
180167 [158000]
183997 [176000]
233971 [219210]
197534 [144000]
224502 [178000]
93672 [148000]
93214 [116050]
225467 [197900]
122562 [117000]
225161 [213000]
139845 [153500]
236097 [271900]
87704 [107000]
185012 [200000]
134958 [140000]
268199 [290000]
184373 [189000]
271676 [164000]
86361 [113000]
106415 [145000]
131968 [134500]
128540 [125000]
175877 [112000]
266858 [229456]
80261 [80500]
162132 [91500]
128933 [115000]
131043 [134000]
171481 [143000]
122040 [137900]
235335 [184000]
181421 [145000]
194920 [214000]
141134 [147000]
306957 [367294]
127693 [127000]
150766 [190000]
131509 [132500]
91153 [101800]
133951 [142000]
114765 [130000]
119595 [138887]
215141 [175500]
230682 [195000]
191841 [142500]
266418 [265900]
223742 [224900]
231177 [248328]
220748 [170000]
354469 [465000]
249784 [230000]
189696 [178000]
224396 [186500]
180457 [169900]
155409 [129500]
129850 [119000]
216070 [244000]
215931 [171750]
136938 [130000]
234900 [294000]
221834 [165400]
158514 [127500]
270377 [301500]
118487 [99900]
226670 [190000]
184161 [151000]
207784 [181000]
132305 [128900]
91580 [161500]
165598 [180500]
175355 [181000]
215452 [183900]
190606 [122000]
313871 [378500]
262833 [381000]
132329 [144000]
242685 [260000]
179490 [185750]
141586 [137000]
179981 [177000]
109493 [139000]
128805 [137000]
183387 [162000]
185906 [197900]
265686 [237000]
69306 [68400]
225956 [227000]
218989 [180000]
141860 [150500]
174140 [139000]
162962 [169000]
160961 [132500]
171926 [143000]
173574 [190000]
259056 [278000]
269572 [281000]
145538 [180500]
129022 [119500]
98283 [107500]
217304 [162900]
133125 [115000]
131276 [138500]
133374 [155000]
177224 [140000]
432940 [160000]
133491 [154000]
226382 [225000]
167746 [177500]
263871 [290000]
225272 [232000]
216637 [130000]
313102 [325000]
222576 [202500]
139934 [138000]
136611 [147000]
177697 [179200]
232940 [335000]
225468 [203000]
261608 [302000]
313123 [333168]
89157 [119000]
176040 [206900]
268973 [295493]
218691 [208900]
273589 [275000]
88912 [111000]
160860 [156500]
44712 [72500]
223018 [190000]
83165 [82500]
267894 [147000]
64001 [55000]
34698 [79000]
146989 [130500]
164562 [256000]
223420 [176500]
267916 [227000]
137799 [132500]
84583 [100000]
122225 [125500]
125993 [125000]
176645 [167900]
134355 [135000]
71451 [52500]
231621 [200000]
141279 [128500]
91919 [123000]
192105 [155000]
265533 [228500]
159506 [177000]
229381 [155835]
66973 [108500]
237823 [262500]
276169 [283463]
234482 [215000]
213276 [122000]
136673 [200000]
174122 [171000]
170438 [134900]
271379 [410000]
226041 [235000]
217958 [170000]
132246 [110000]
142163 [149900]
173038 [177500]
317940 [315000]
120340 [189000]
236891 [260000]
77104 [104900]
185080 [156932]
216705 [144152]
221661 [216000]
223920 [193000]
128923 [127000]
177701 [144000]
267846 [232000]
72828 [105000]
172203 [165500]
227850 [274300]
348831 [466500]
228285 [250000]
269810 [239000]
154848 [91000]
125796 [117000]
163262 [83000]
146753 [167500]
24654 [58500]
186058 [237500]
199772 [157000]
146781 [112000]
162327 [105000]
80377 [125500]
228201 [250000]
160165 [136000]
315775 [377500]
161667 [131000]
224150 [235000]
131770 [124000]
130050 [123000]
159832 [163000]
218403 [246578]
271708 [281213]
200129 [160000]
120986 [137500]
119669 [138000]
156291 [137450]
160829 [120000]
182689 [193000]
222629 [193879]
276444 [282922]
31819 [105000]
257632 [275000]
139545 [133000]
137862 [112000]
76335 [125500]
240407 [215000]
229666 [230000]
177228 [140000]
82460 [90000]
269109 [257000]
169684 [207000]
218118 [175900]
69725 [122500]
275275 [340000]
130764 [124000]
184293 [223000]
180054 [179900]
167923 [127500]
177701 [136500]
195170 [274970]
129466 [144000]
175357 [142000]
224902 [271000]
130495 [140000]
126324 [119000]
189347 [182900]
165368 [192140]
172341 [143750]
83695 [64500]
185705 [186500]
148449 [160000]
182987 [174000]
96411 [120500]
272423 [394617]
172891 [149700]
224002 [197000]
166956 [191000]
178040 [149300]
350682 [310000]
157290 [121000]
224627 [179600]
170821 [129000]
163545 [157900]
264037 [240000]
82599 [112000]
128088 [92000]
134325 [136000]
267473 [287090]
136974 [145000]
158390 [84500]
223072 [185000]
181707 [175000]
185874 [210000]
216831 [266500]
130372 [142125]
136003 [147500]
